004
710
248
008
012
276
020
024
660
010
028
682
032
051
533
036
040
031
044
048
050
052
112
056
084
204
060
064
068
535
070
072
074
076
096
100
854
108
136
116
120
124
132
140
152
156
162
196
166
170
174
178
180
184
410
408
188
384
191
192
531
208
262
214
212
818
Gum
(Ré
222
784
218
232
724
233
840
231
238
234
242
246
250
266
270
268
239
288
292
300
308
304
312
316
320
831
324
624
226
328
254
332
334
340
344
348
833
581
092
850
356
360
364
368
372
352
376
380
388
392
832
400
398
404
417
296
414
418
426
428
422
430
434
438
440
442
446
807
450
458
454
462
466
470
580
504
584
474
480
478
175
484
583
498
492
496
499
500
508
104
516
520
524
558
562
566
570
574
578
540
554
086
512
800
860
586
585
275
591
598
600
528
604
608
612
616
258
630
620
634
638
642
826
643
646
732
652
659
674
663
534
666
336
670
654
662
090
882
016
678
686
688
690
694
702
703
705
706
729
728
144
752
756
740
744
748
760
762
158
834
148
203
260
764
626
768
772
776
780
788
795
796
792
798
804
858
548
862
704
876
887
894
716