01000
01090
01100
01110
01120
01130
01140
01150
01160
01170
01190
01200
01210
01220
01230
01240
01250
01260
01270
01280
01290
01300
01310
01320
01330
01340
01350
01360
01370
01380
01390
01400
01410
01420
01430
01440
01450
01460
01470
01480
01500
01510
01540
01550
01560
01570
01580
01590
01600
01630
01640
01660
01680
01700
01710
01750
01800
01851
01960
01990
02000
02100
02110
02120
02130
02140
02150
02160
02170
02190
02200
02210
02220
02230
02240
02250
02260
02270
02290
02300
02310
02320
02330
02340
02350
02360
02370
02380
02390
02400
02410
02420
02430
02440
02450
02460
02470
02480
02490
02500
02510
02520
02540
02550
02570
02580
02590
02600
02610
02620
02630
02640
02650
02670
02680
02690
02700
02720
02760
02790
02800
02810
02820
02830
02840
02850
02860
02870
02880
03000
03100
03110
03120
03130
03140
03150
03160
03170
03190
03200
03210
03220
03230
03240
03250
03260
03270
03290
03300
03310
03320
03330
03340
03350
03360
03370
03380
03390
03400
03410
03420
03430
03440
03450
03460
03470
03500
03510
03600
03630
03700
03800
04000
04100
04110
04120
04130
04140
04150
04160
04170
04180
04190
04200
04210
04220
04230
04240
04250
04260
04270
04280
04290
04300
04310
04320
04330
04340
04350
04360
04370
04380
04400
04410
04420
04500
04510
04530
04600
04660
04700
04800
04850
04860
04870
05000
05100
05110
05120
05130
05140
05150
05160
05170
05190
05200
05220
05230
05240
05250
05260
05290
05300
05310
05320
05330
05340
05350
05380
05400
05460
05470
05480
05500
05560
05600
05700
05800
06000
06100
06110
06130
06140
06150
06160
06190
06200
06210
06220
06230
06240
06250
06260
06270
06300
06310
06320
06330
06340
06360
06370
06380
06390
06400
06410
06420
06430
06440
06450
06460
06470
06480
06500
06510
06520
06530
06540
06550
06560
06570
06580
06590
06600
06610
06620
06640
06650
06660
06670
06690
06700
06710
06730
06740
06750
06790
06800
06810
06830
06850
06910
06950
07000
07100
07110
07120
07130
07140
07150
07160
07170
07190
07200
07210
07220
07230
07240
07250
07260
07270
07290
07300
07310
07320
07330
07340
07350
07360
07370
07380
07400
07410
07430
07440
07450
07460
07470
07500
07510
07520
07530
07560
07570
07580
07590
07600
07610
07630
07660
07690
07700
07790
07800
08000
08090
08110
08120
08130
08140
08150
08160
08170
08190
08200
08210
08220
08230
08240
08250
08260
08270
08290
08300
08310
08320
08330
08350
08360
08370
08380
08390
08400
08410
08430
08440
08450
08460
08500
08600
08700
08800
09000
09100
09110
09120
09130
09140
09160
09190
09200
09210
09220
09230
09240
09250
09270
09290
09300
09310
09320
09330
09340
09350
09390
09400
09420
09460
09500
09600
09700
09800
10000
10100
10110
10120
10130
10140
10150
10160
10170
10180
10190
10200
10210
10220
10230
10240
10250
10260
10270
10280
10290
10300
10310
10320
10330
10340
10350
10360
10370
10380
10390
10400
10410
10420
10430
10440
10450
10500
10510
10600
10700
10800
11000
11100
11110
11120
11130
11140
11150
11160
11170
11190
11200
11210
11220
11230
11240
11250
11260
11270
11290
11300
11310
11320
11330
11340
11350
11360
11370
11380
11390
11400
11410
11420
11430
11440
11480
11490
11500
11510
11540
11560
11570
11580
11590
11600
11610
11620
11700
11800
12000
12100
12110
12120
12130
12140
12150
12160
12170
12190
12200
12210
12220
12230
12240
12250
12260
12270
12290
12300
12310
12320
12330
12340
12350
12360
12370
12380
12390
12400
12410
12420
12430
12440
12450
12460
12470
12480
12490
12500
12510
12520
12540
12550
12560
12580
12600
12620
12630
12640
12700
12720
12740
12780
12800
12850
13001
13002
13003
13004
13005
13006
13007
13008
13009
13010
13011
13012
13013
13014
13015
13016
13080
13090
13100
13103
13104
13105
13109
13110
13111
13112
13113
13114
13115
13116
13117
13118
13119
13120
13121
13122
13123
13124
13126
13127
13129
13130
13140
13150
13160
13170
13180
13190
13200
13210
13220
13230
13240
13250
13260
13270
13280
13290
13300
13310
13320
13330
13340
13350
13360
13370
13380
13390
13400
13410
13420
13430
13440
13450
13460
13470
13480
13490
13500
13510
13520
13530
13540
13550
13560
13570
13580
13590
13600
13610
13620
13630
13640
13650
13660
13670
13680
13690
13700
13710
13720
13730
13740
13750
13760
13770
13780
13790
13800
13810
13820
13821
13830
13840
13850
13860
13870
13880
13890
13910
13920
13930
13940
13950
13960
13980
13990
14000
14100
14110
14111
14112
14113
14114
14117
14120
14121
14123
14130
14140
14150
14160
14170
14190
14200
14210
14220
14230
14240
14250
14260
14270
14280
14290
14310
14320
14330
14340
14350
14360
14370
14380
14390
14400
14410
14420
14430
14440
14450
14460
14470
14480
14490
14500
14510
14520
14530
14540
14550
14570
14590
14600
14610
14620
14630
14640
14650
14670
14680
14690
14700
14710
14730
14740
14750
14760
14770
14780
14790
14800
14810
14830
14840
14850
14860
14880
14910
14920
14930
14940
14950
14960
14970
14980
14990
15000
15100
15110
15120
15130
15140
15150
15160
15170
15190
15200
15210
15220
15230
15240
15250
15260
15270
15290
15300
15310
15320
15340
15350
15380
15400
15430
15500
15590
15600
15700
15800
16000
16100
16110
16120
16130
16140
16150
16160
16170
16190
16200
16210
16220
16230
16240
16250
16260
16270
16290
16300
16310
16320
16330
16340
16350
16360
16370
16380
16390
16400
16410
16420
16430
16440
16450
16460
16470
16480
16490
16500
16510
16560
16570
16590
16600
16620
16700
16710
16720
16730
16800
17000
17100
17110
17111
17113
17120
17123
17130
17132
17137
17138
17139
17140
17150
17160
17170
17180
17190
17200
17210
17220
17230
17240
17250
17260
17270
17290
17300
17310
17320
17330
17340
17350
17360
17370
17380
17390
17400
17410
17420
17430
17440
17450
17460
17470
17480
17490
17500
17510
17520
17530
17540
17550
17560
17570
17580
17590
17600
17610
17620
17630
17640
17650
17670
17690
17700
17730
17740
17750
17770
17780
17800
17810
17840
17870
17880
17890
17920
17940
18000
18100
18110
18120
18130
18140
18150
18160
18170
18190
18200
18210
18220
18230
18240
18250
18260
18270
18290
18300
18310
18320
18330
18340
18350
18360
18370
18380
18390
18400
18410
18500
18510
18520
18570
18600
18700
18800
19000
19100
19110
19120
19130
19140
19150
19160
19170
19190
19200
19210
19220
19230
19240
19250
19260
19270
19290
19300
19310
19320
19330
19340
19350
19360
19370
19380
19390
19400
19410
19430
19450
19460
19470
19490
19500
19510
19520
19550
19560
19600
19700
19800
20000
20090
20100
20110
20111
20112
20113
20114
20115
20116
20117
20118
20119
20121
20122
20123
20124
20125
20126
20127
20128
20129
20130
20131
20132
20133
20134
20135
20136
20137
20138
20139
20140
20141
20142
20143
20144
20145
20146
20147
20148
20150
20151
20152
20153
20157
20160
20163
20164
20165
20166
20167
20168
20169
20170
20171
20172
20173
20190
20200
20212
20213
20214
20215
20217
20218
20219
20220
20221
20222
20224
20225
20226
20227
20228
20229
20230
20231
20232
20233
20234
20235
20236
20237
20238
20239
20240
20242
20243
20244
20245
20246
20247
20248
20250
20251
20252
20253
20256
20259
20260
20270
20272
20275
20276
20279
20287
20290
20600
20620
21000
21110
21120
21121
21130
21140
21150
21160
21170
21190
21200
21210
21220
21230
21240
21250
21260
21270
21290
21300
21310
21320
21330
21340
21350
21360
21370
21380
21390
21400
21410
21420
21430
21440
21450
21460
21470
21490
21500
21510
21520
21530
21540
21550
21560
21570
21580
21590
21600
21610
21630
21640
21690
21700
21760
21800
21820
21850
21910
22000
22100
22110
22120
22130
22140
22150
22160
22170
22190
22200
22210
22220
22230
22240
22250
22260
22270
22290
22300
22310
22320
22330
22340
22350
22360
22370
22380
22390
22400
22410
22420
22430
22440
22450
22460
22470
22480
22490
22500
22510
22520
22530
22540
22550
22560
22570
22580
22590
22600
22610
22620
22630
22640
22650
22660
22680
22690
22700
22710
22720
22730
22740
22750
22770
22780
22800
22810
22820
22830
22860
22870
22930
22940
22950
22960
22970
22980
23000
23100
23110
23120
23130
23140
23150
23160
23170
23190
23200
23210
23220
23230
23240
23250
23260
23270
23290
23300
23320
23340
23350
23360
23380
23400
23420
23430
23450
23460
23480
23500
23600
23700
23800
24000
24100
24110
24120
24130
24140
24150
24160
24170
24190
24200
24210
24220
24230
24240
24250
24260
24270
24290
24300
24310
24320
24330
24340
24350
24360
24370
24380
24390
24400
24410
24420
24430
24440
24450
24460
24470
24480
24490
24500
24510
24520
24530
24540
24550
24560
24570
24580
24590
24600
24610
24620
24630
24640
24650
24660
24680
24700
24750
24800
25000
25110
25111
25113
25115
25120
25130
25140
25150
25160
25170
25190
25200
25210
25220
25230
25240
25250
25260
25270
25290
25300
25310
25320
25330
25340
25350
25360
25370
25380
25390
25400
25410
25420
25430
25440
25450
25460
25470
25480
25490
25500
25510
25520
25530
25550
25560
25570
25580
25600
25610
25620
25630
25640
25650
25660
25680
25690
25700
25720
25750
25770
25790
25800
25820
25840
25870
25920
25930
25960
26000
26100
26110
26120
26130
26140
26150
26160
26170
26190
26200
26210
26220
26230
26240
26250
26260
26270
26290
26300
26310
26320
26330
26340
26350
26380
26390
26400
26410
26420
26450
26460
26470
26500
26510
26530
26540
26560
26570
26600
26620
26700
26730
26740
26750
26760
26770
26780
26790
26800
27000
27100
27110
27120
27130
27140
27150
27160
27170
27180
27190
27200
27210
27220
27230
27240
27250
27260
27270
27290
27300
27310
27320
27330
27340
27350
27360
27370
27380
27390
27400
27410
27420
27430
27440
27450
27460
27470
27480
27490
27500
27510
27520
27530
27540
27550
27560
27570
27580
27590
27600
27610
27620
27630
27640
27650
27660
27670
27680
27690
27700
27710
27720
27730
27740
27750
27760
27770
27780
27790
27800
27810
27820
27830
27850
27860
27870
27890
27910
27920
27930
27940
27950
28000
28100
28110
28120
28130
28140
28150
28160
28170
28190
28200
28210
28220
28230
28240
28250
28260
28270
28290
28300
28310
28320
28330
28340
28350
28360
28380
28400
28410
28480
28500
28600
28630
28700
28800
29000
29100
29120
29140
29150
29160
29170
29180
29190
29200
29217
29233
29241
29242
29246
29250
29252
29253
29259
29260
29270
29280
29290
29300
29310
29340
29350
29360
29370
29380
29390
29400
29410
29420
29430
29440
29450
29460
29470
29480
29490
29500
29510
29520
29530
29540
29550
29560
29570
29590
29600
29610
29620
29630
29640
29650
29660
29670
29680
29690
29700
29710
29720
29730
29740
29750
29760
29770
29780
29790
29800
29810
29820
29830
29840
29850
29860
29870
29880
29890
29900
29910
29920
29930
29940
29950
29970
29980
29990
30000
30100
30110
30111
30114
30120
30121
30122
30124
30125
30126
30127
30128
30129
30130
30131
30132
30133
30140
30150
30160
30170
30190
30200
30210
30220
30230
30240
30250
30260
30270
30290
30300
30310
30320
30330
30340
30350
30360
30380
30390
30400
30410
30420
30430
30440
30450
30460
30470
30480
30490
30500
30510
30520
30530
30540
30560
30570
30580
30600
30610
30620
30630
30640
30650
30660
30670
30700
30720
30730
30740
30750
30760
30770
30800
30820
30840
30870
30900
30920
30940
30960
30980
31000
31100
31110
31120
31130
31140
31150
31160
31170
31180
31190
31200
31210
31220
31230
31240
31250
31260
31270
31280
31290
31300
31310
31320
31330
31340
31350
31360
31370
31380
31390
31400
31410
31420
31430
31440
31450
31460
31470
31480
31490
31500
31510
31520
31530
31540
31550
31560
31570
31580
31590
31600
31620
31650
31660
31670
31700
31750
31770
31780
31790
31800
31810
31820
31830
31840
31850
31860
31870
31880
32000
32100
32110
32120
32130
32140
32150
32160
32170
32190
32200
32220
32230
32240
32250
32260
32270
32290
32300
32310
32320
32330
32340
32350
32360
32370
32380
32390
32400
32410
32420
32430
32440
32450
32460
32480
32490
32500
32550
32600
32700
32720
32730
32800
32810
33000
33100
33110
33112
33113
33114
33115
33120
33121
33123
33124
33125
33126
33127
33130
33133
33138
33140
33141
33150
33160
33170
33180
33185
33190
33200
33210
33220
33230
33240
33250
33260
33270
33290
33300
33310
33320
33330
33340
33350
33360
33370
33380
33390
33400
33410
33420
33430
33440
33450
33460
33470
33480
33490
33500
33510
33520
33530
33540
33550
33560
33570
33580
33590
33600
33610
33620
33640
33650
33660
33670
33680
33690
33700
33710
33720
33730
33740
33750
33760
33770
33780
33790
33800
33810
33820
33830
33840
33850
33860
33870
33880
33890
33910
33920
33930
33950
33970
33980
33990
34000
34070
34080
34090
34110
34120
34130
34140
34150
34160
34170
34190
34200
34210
34220
34230
34240
34250
34260
34270
34280
34290
34300
34310
34320
34330
34340
34350
34360
34370
34380
34390
34400
34410
34420
34430
34440
34450
34460
34470
34480
34490
34500
34510
34520
34530
34540
34550
34560
34570
34590
34600
34610
34620
34630
34650
34660
34670
34680
34690
34700
34710
34720
34725
34730
34740
34750
34760
34770
34790
34800
34810
34820
34830
34850
34880
34920
34970
34980
34990
35000
35111
35113
35114
35120
35130
35131
35132
35133
35134
35135
35136
35137
35140
35150
35160
35170
35190
35200
35210
35220
35230
35235
35240
35250
35260
35270
35290
35300
35310
35320
35330
35340
35350
35360
35370
35380
35390
35400
35410
35420
35430
35440
35450
35460
35470
35480
35490
35500
35510
35520
35530
35540
35550
35560
35580
35590
35600
35610
35620
35630
35640
35650
35660
35680
35690
35700
35720
35730
35740
35750
35760
35770
35780
35800
35830
35850
35870
35890
35960
36000
36100
36110
36120
36130
36140
36150
36160
36170
36180
36190
36200
36210
36220
36230
36240
36250
36260
36270
36290
36300
36310
36320
36330
36340
36350
36360
36370
36400
36500
36600
36700
36800
37000
37100
37110
37120
37130
37140
37150
37160
37170
37190
37200
37210
37220
37230
37240
37250
37260
37270
37290
37300
37310
37320
37330
37340
37350
37360
37370
37380
37390
37400
37420
37460
37500
37510
37520
37530
37540
37550
37600
37700
37800
38000
38070
38080
38090
38100
38110
38112
38113
38114
38118
38119
38120
38121
38122
38130
38134
38138
38140
38142
38144
38150
38160
38170
38180
38190
38200
38210
38220
38230
38240
38250
38260
38270
38280
38290
38300
38320
38330
38340
38350
38360
38370
38380
38390
38400
38410
38420
38430
38440
38450
38460
38470
38480
38490
38500
38510
38520
38530
38540
38550
38560
38570
38580
38590
38600
38610
38620
38630
38640
38650
38660
38670
38680
38690
38700
38710
38730
38740
38750
38760
38770
38780
38790
38800
38830
38840
38850
38860
38870
38880
38890
38920
38930
38940
38950
38960
38970
38980
39000
39100
39110
39120
39130
39140
39150
39160
39170
39190
39200
39210
39220
39230
39240
39250
39260
39270
39290
39300
39310
39320
39330
39350
39360
39370
39380
39400
39410
39460
39500
39520
39570
39600
39700
39800
40000
40090
40100
40110
40120
40130
40140
40150
40160
40170
40180
40190
40200
40210
40220
40230
40240
40250
40260
40270
40280
40290
40300
40310
40320
40330
40350
40360
40370
40380
40390
40400
40410
40420
40430
40440
40460
40465
40480
40500
40510
40530
40550
40560
40600
40630
40660
40700
40800
40990
41000
41100
41110
41120
41130
41140
41150
41160
41170
41190
41200
41210
41220
41230
41240
41250
41260
41270
41290
41300
41310
41320
41330
41350
41360
41370
41400
41500
41600
41700
41800
42000
42100
42110
42111
42114
42120
42122
42123
42130
42131
42140
42150
42152
42153
42155
42160
42170
42190
42210
42220
42230
42240
42260
42270
42290
42300
42310
42320
42330
42340
42350
42360
42370
42380
42390
42400
42410
42420
42430
42440
42450
42460
42470
42480
42490
42500
42510
42520
42530
42540
42550
42560
42570
42580
42590
42600
42610
42620
42630
42640
42650
42660
42670
42680
42700
42720
42740
42750
42780
42800
42810
42820
42830
42840
42890
42920
42940
42990
43000
43100
43110
43120
43130
43140
43150
43160
43170
43190
43200
43210
43220
43230
43240
43250
43260
43270
43290
43300
43320
43330
43340
43350
43360
43370
43380
43390
43400
43410
43420
43430
43440
43450
43490
43500
43510
43520
43530
43550
43580
43590
43600
43620
43700
43750
43770
43800
43810
44000
44100
44110
44115
44116
44117
44118
44119
44120
44130
44140
44150
44160
44170
44190
44200
44210
44220
44230
44240
44250
44260
44270
44290
44300
44310
44320
44330
44340
44350
44360
44370
44380
44390
44400
44410
44420
44430
44440
44450
44460
44470
44480
44490
44500
44510
44520
44521
44522
44530
44540
44550
44560
44570
44580
44590
44600
44610
44620
44630
44640
44650
44660
44670
44680
44690
44700
44710
44720
44730
44740
44750
44760
44770
44780
44800
44810
44830
44840
44850
44860
44880
44980
45000
45100
45110
45120
45130
45140
45150
45160
45170
45190
45200
45210
45220
45230
45240
45250
45260
45270
45290
45300
45310
45320
45330
45340
45360
45370
45380
45390
45400
45410
45420
45430
45450
45460
45470
45480
45490
45500
45510
45520
45530
45550
45560
45570
45590
45600
45620
45630
45640
45650
45680
45700
45720
45730
45740
45750
45760
45770
45800
46000
46090
46100
46110
46120
46130
46140
46150
46160
46170
46190
46200
46210
46220
46230
46240
46250
46260
46270
46300
46310
46320
46330
46340
46350
46360
46400
46500
46600
46700
46800
47000
47110
47120
47130
47140
47150
47160
47170
47180
47190
47200
47210
47220
47230
47240
47250
47260
47270
47290
47300
47310
47320
47330
47340
47350
47360
47370
47380
47390
47400
47410
47420
47430
47440
47450
47470
47480
47500
47510
47520
47550
47600
47700
47800
48000
48100
48110
48120
48130
48140
48150
48160
48170
48190
48200
48210
48220
48230
48240
48250
48260
48270
48300
48310
48320
48330
48340
48370
48400
48500
48600
48700
48800
49000
49070
49080
49100
49110
49112
49120
49122
49123
49124
49125
49130
49140
49150
49160
49170
49190
49220
49230
49240
49250
49260
49270
49280
49290
49300
49310
49320
49330
49340
49350
49360
49370
49380
49390
49400
49410
49420
49430
49440
49450
49460
49480
49490
49500
49510
49520
49530
49540
49560
49570
49590
49600
49610
49620
49630
49640
49650
49660
49670
49680
49690
49700
49710
49730
49740
49750
49770
49800
50000
50100
50110
50120
50130
50140
50150
50160
50170
50180
50190
50200
50210
50220
50230
50240
50250
50260
50270
50290
50300
50310
50320
50330
50340
50350
50360
50370
50380
50390
50400
50410
50420
50430
50440
50450
50460
50470
50480
50490
50500
50510
50520
50530
50540
50550
50560
50570
50580
50590
50600
50610
50620
50630
50640
50660
50670
50680
50690
50700
50710
50720
50730
50740
50750
50760
50770
50800
50810
50840
50850
50860
50870
50880
50890
51000
51100
51110
51120
51130
51140
51150
51160
51170
51190
51200
51210
51220
51230
51240
51250
51260
51270
51290
51300
51310
51320
51330
51340
51350
51360
51370
51380
51390
51400
51420
51430
51450
51460
51470
51480
51490
51500
51510
51520
51530
51600
51700
51800
52000
52100
52110
52120
52130
52140
52150
52160
52170
52190
52200
52210
52220
52230
52240
52250
52260
52270
52290
52300
52310
52320
52330
52340
52360
52370
52400
52410
52500
52600
52700
52800
53000
53100
53110
53120
53140
53150
53160
53170
53190
53200
53210
53220
53230
53240
53250
53260
53270
53290
53300
53320
53340
53350
53360
53370
53380
53390
53400
53410
53420
53440
53470
53480
53500
53540
53600
53640
53700
53800
53810
53940
53950
53960
53970
54000
54100
54110
54111
54112
54113
54114
54115
54116
54118
54119
54120
54121
54122
54123
54129
54130
54134
54135
54136
54140
54150
54160
54170
54180
54190
54200
54210
54220
54230
54240
54250
54260
54270
54280
54290
54300
54310
54320
54330
54340
54350
54360
54370
54380
54385
54390
54400
54410
54420
54425
54430
54440
54450
54460
54470
54480
54490
54500
54510
54520
54530
54540
54550
54560
54570
54580
54590
54600
54610
54620
54630
54640
54650
54660
54670
54680
54690
54700
54710
54720
54730
54740
54750
54760
54770
54780
54790
54800
54810
54820
54830
54840
54850
54860
54870
54880
54890
54910
54920
54930
54940
54950
54960
54970
54980
54990
55000
55100
55110
55120
55130
55140
55150
55160
55170
55190
55200
55210
55220
55230
55240
55250
55260
55270
55290
55300
55310
55320
55400
55430
55500
55600
55700
55800
55840
56000
56100
56110
56120
56130
56140
56150
56160
56170
56190
56200
56220
56230
56240
56250
56260
56270
56290
56300
56310
56320
56330
56340
56350
56360
56370
56380
56390
56400
56410
56420
56430
56440
56450
56460
56470
56480
56490
56500
56510
56520
56530
56540
56550
56560
56570
56580
56590
56600
56610
56620
56630
56640
56650
56660
56670
56680
56690
56700
56730
56740
56750
56760
56770
56780
56800
56840
56850
56860
56870
56880
56890
56910
56920
56930
56950
57000
57050
57070
57100
57120
57130
57140
57150
57155
57160
57170
57175
57180
57185
57190
57200
57220
57230
57240
57245
57250
57255
57260
57270
57280
57290
57300
57310
57320
57330
57340
57350
57360
57365
57370
57380
57385
57390
57400
57405
57410
57412
57415
57420
57430
57440
57445
57450
57455
57460
57470
57480
57490
57500
57510
57515
57520
57525
57530
57535
57540
57550
57560
57565
57570
57580
57590
57600
57620
57630
57635
57640
57645
57650
57655
57660
57670
57680
57685
57690
57700
57710
57720
57730
57740
57770
57780
57790
57800
57810
57815
57820
57830
57840
57850
57855
57860
57865
57870
57880
57890
57905
57910
57915
57920
57925
57930
57935
57940
57950
57960
57970
57980
57990
58000
58110
58120
58130
58140
58150
58160
58170
58180
58190
58200
58210
58220
58230
58240
58250
58260
58270
58290
58300
58310
58320
58330
58340
58350
58360
58370
58380
58390
58400
58410
58420
58430
58440
58450
58460
58470
58490
58500
58530
58600
58640
58660
58700
58800
59000
59100
59110
59111
59112
59113
59114
59115
59116
59117
59118
59119
59120
59121
59122
59123
59124
59125
59126
59127
59128
59129
59130
59131
59132
59133
59134
59135
59136
59137
59138
59139
59140
59141
59142
59143
59144
59145
59146
59147
59148
59149
59150
59151
59152
59153
59154
59155
59156
59157
59158
59159
59160
59161
59162
59163
59164
59165
59166
59167
59168
59169
59170
59171
59172
59173
59174
59175
59176
59177
59178
59179
59180
59181
59182
59184
59185
59186
59187
59188
59189
59190
59191
59192
59193
59194
59195
59198
59199
59200
59210
59211
59212
59213
59214
59215
59216
59217
59218
59219
59220
59221
59222
59223
59224
59225
59226
59227
59229
59230
59231
59232
59233
59234
59235
59236
59237
59238
59239
59240
59241
59242
59243
59244
59245
59246
59247
59249
59250
59251
59252
59253
59254
59255
59258
59259
59260
59261
59262
59263
59264
59265
59266
59267
59268
59269
59270
59271
59272
59273
59274
59277
59278
59279
59280
59281
59282
59283
59284
59285
59286
59287
59288
59290
59292
59293
59294
59295
59296
59297
59299
59300
59310
59320
59330
59350
59360
59370
59380
59390
59400
59410
59420
59430
59440
59450
59460
59470
59480
59490
59491
59492
59493
59494
59495
59496
59500
59510
59520
59530
59540
59550
59551
59552
59553
59554
59560
59570
59580
59590
59600
59610
59620
59630
59640
59650
59660
59670
59680
59690
59700
59710
59720
59730
59740
59750
59760
59770
59777
59780
59790
59800
59810
59820
59830
59840
59850
59860
59870
59880
59890
59910
59920
59930
59940
59950
59960
59970
59980
59990
60000
60100
60110
60112
60113
60117
60119
60120
60123
60126
60127
60128
60129
60130
60134
60138
60140
60141
60149
60150
60153
60155
60157
60160
60162
60170
60173
60175
60180
60190
60200
60210
60220
60230
60240
60250
60260
60270
60280
60290
60300
60310
60320
60330
60340
60350
60360
60370
60380
60390
60400
60410
60420
60430
60440
60460
60480
60490
60500
60510
60520
60530
60540
60550
60560
60570
60580
60590
60600
60610
60620
60640
60650
60660
60680
60690
60700
60710
60730
60740
60750
60790
60800
60810
60820
60840
60850
60860
60870
60880
60890
60930
60940
60950
60960
61000
61100
61110
61120
61130
61140
61150
61160
61170
61190
61200
61210
61220
61230
61240
61250
61260
61270
61290
61300
61310
61320
61330
61340
61350
61360
61370
61380
61390
61400
61410
61420
61430
61440
61450
61470
61490
61500
61550
61560
61570
61600
61700
61790
61800
62000
62100
62110
62111
62112
62113
62114
62116
62117
62118
62119
62120
62121
62122
62123
62124
62126
62127
62128
62129
62130
62131
62132
62134
62136
62137
62138
62140
62141
62142
62143
62144
62145
62147
62149
62150
62151
62152
62153
62155
62156
62157
62158
62159
62160
62161
62162
62164
62170
62172
62173
62175
62176
62179
62180
62182
62185
62187
62190
62196
62199
62200
62210
62215
62217
62218
62219
62220
62221
62223
62224
62230
62231
62232
62240
62250
62260
62270
62280
62290
62300
62310
62320
62330
62340
62350
62360
62370
62380
62390
62400
62410
62420
62430
62440
62450
62460
62470
62480
62490
62500
62510
62520
62530
62540
62550
62560
62570
62575
62580
62590
62600
62610
62620
62630
62640
62650
62660
62670
62680
62690
62700
62710
62720
62730
62740
62750
62760
62770
62780
62790
62800
62810
62820
62830
62840
62850
62860
62870
62880
62890
62910
62920
62930
62940
62950
62960
62970
62980
62990
63000
63100
63110
63111
63112
63113
63114
63115
63116
63117
63118
63119
63120
63122
63130
63140
63150
63160
63170
63190
63200
63210
63220
63230
63240
63250
63260
63270
63290
63300
63310
63320
63330
63340
63350
63360
63370
63380
63390
63400
63410
63420
63430
63440
63450
63460
63470
63480
63490
63500
63510
63520
63530
63540
63550
63560
63570
63580
63590
63600
63610
63620
63630
63640
63650
63660
63670
63680
63690
63700
63710
63720
63730
63740
63750
63760
63770
63780
63790
63800
63810
63820
63830
63840
63850
63870
63880
63890
63910
63920
63930
63940
63950
63960
63970
63980
63990
64000
64100
64110
64120
64121
64122
64130
64140
64150
64160
64170
64190
64200
64210
64220
64230
64240
64250
64260
64270
64290
64300
64310
64320
64330
64340
64350
64360
64370
64390
64400
64410
64420
64430
64440
64450
64460
64470
64480
64490
64500
64510
64520
64530
64560
64570
64600
64640
64660
64680
64700
64780
64800
64870
64990
65000
65100
65110
65120
65130
65140
65150
65170
65190
65200
65220
65230
65240
65250
65260
65270
65290
65300
65310
65320
65330
65350
65360
65370
65380
65390
65400
65410
65420
65430
65440
65460
65490
65500
65510
65560
65590
65600
65660
65670
65690
65700
65710
65800
66000
66100
66110
66120
66130
66140
66150
66160
66170
66180
66190
66200
66210
66220
66230
66240
66250
66260
66270
66280
66290
66300
66310
66320
66330
66340
66350
66360
66370
66380
66390
66400
66410
66420
66430
66440
66450
66460
66470
66480
66490
66500
66510
66530
66540
66550
66560
66570
66600
66610
66620
66650
66660
66670
66680
66690
66700
66720
66730
66740
66750
66760
66800
66820
67000
67100
67110
67112
67113
67114
67115
67116
67117
67118
67120
67130
67140
67150
67160
67170
67190
67200
67201
67202
67203
67204
67205
67206
67207
67210
67220
67230
67240
67250
67260
67270
67280
67290
67300
67310
67320
67330
67340
67350
67360
67370
67380
67390
67400
67410
67420
67430
67440
67450
67460
67470
67480
67490
67500
67510
67520
67530
67540
67550
67560
67570
67580
67590
67600
67610
67620
67630
67640
67650
67660
67670
67680
67690
67700
67710
67720
67730
67750
67760
67770
67790
67800
67810
67820
67840
67850
67860
67870
67880
67920
67930
67960
67970
67980
67990
68000
68040
68100
68110
68116
68118
68120
68121
68124
68125
68126
68127
68128
68130
68140
68150
68160
68170
68180
68190
68200
68210
68220
68230
68240
68250
68260
68270
68280
68290
68300
68310
68320
68330
68340
68350
68360
68370
68380
68390
68400
68410
68420
68440
68460
68470
68480
68490
68500
68510
68520
68530
68540
68550
68560
68570
68580
68590
68600
68610
68620
68630
68640
68650
68660
68680
68690
68700
68720
68730
68740
68750
68760
68770
68780
68790
68800
68820
68830
68840
68850
68870
68890
68910
68920
68950
68960
68970
68980
68990
69001
69002
69003
69004
69005
69006
69007
69008
69009
69100
69110
69115
69120
69124
69125
69126
69130
69140
69150
69160
69170
69190
69200
69210
69220
69230
69240
69250
69260
69270
69280
69290
69300
69310
69320
69330
69340
69350
69360
69370
69380
69390
69400
69410
69420
69430
69440
69450
69460
69470
69480
69490
69500
69510
69520
69530
69540
69550
69560
69570
69580
69590
69600
69610
69620
69630
69640
69650
69660
69670
69680
69690
69700
69720
69730
69740
69760
69770
69780
69790
69800
69820
69830
69840
69850
69860
69870
69890
69910
69930
69960
69970
70000
70100
70110
70120
70130
70140
70150
70160
70170
70180
70190
70200
70210
70220
70230
70240
70250
70270
70280
70290
70300
70310
70320
70360
70400
70440
70500
70600
70700
70800
71000
71100
71110
71118
71120
71130
71140
71150
71160
71170
71190
71200
71210
71220
71230
71240
71250
71260
71270
71290
71300
71310
71320
71330
71340
71350
71360
71370
71380
71390
71400
71410
71420
71430
71440
71450
71460
71470
71480
71490
71500
71510
71520
71530
71540
71550
71570
71580
71590
71600
71620
71640
71670
71680
71700
71710
71740
71760
71800
71850
71870
71880
71960
71990
72000
72100
72110
72120
72130
72140
72150
72160
72170
72190
72200
72210
72220
72230
72240
72250
72260
72270
72290
72300
72310
72320
72330
72340
72350
72360
72370
72380
72390
72400
72430
72440
72450
72460
72470
72500
72510
72530
72540
72550
72560
72600
72610
72650
72700
72800
73000
73100
73110
73120
73130
73140
73150
73160
73170
73190
73200
73210
73220
73230
73240
73250
73260
73270
73290
73300
73310
73320
73330
73340
73350
73360
73370
73390
73400
73410
73420
73440
73450
73460
73470
73480
73490
73500
73520
73530
73540
73550
73570
73590
73600
73610
73620
73630
73640
73660
73670
73700
73710
73720
73730
73790
73800
73870
74000
74100
74110
74120
74130
74140
74150
74160
74170
74190
74200
74210
74220
74230
74240
74250
74260
74270
74290
74300
74310
74320
74330
74340
74350
74360
74370
74380
74390
74400
74410
74420
74430
74440
74450
74460
74470
74490
74500
74520
74540
74550
74560
74570
74580
74600
74650
74660
74700
74740
74800
74890
74910
74920
74930
74940
74950
74960
74970
75001
75002
75003
75004
75005
75006
75007
75008
75009
75010
75011
75012
75013
75014
75015
75016
75017
75018
75019
75020
75116
76000
76100
76110
76111
76113
76116
76117
76119
76120
76130
76133
76140
76150
76160
76170
76190
76200
76210
76220
76230
76240
76250
76260
76270
76280
76290
76300
76310
76320
76330
76340
76350
76360
76370
76380
76390
76400
76410
76420
76430
76440
76450
76460
76470
76480
76490
76500
76510
76520
76530
76540
76550
76560
76570
76580
76590
76600
76610
76620
76630
76640
76650
76660
76680
76690
76700
76710
76720
76730
76740
76750
76760
76770
76780
76790
76800
76810
76840
76850
76860
76870
76880
76890
76910
76920
76930
76940
76950
76960
76970
76980
77000
77090
77100
77111
77114
77115
77118
77120
77122
77123
77124
77126
77127
77130
77131
77133
77134
77135
77138
77139
77140
77141
77144
77145
77148
77150
77151
77154
77157
77160
77163
77164
77165
77166
77167
77169
77170
77171
77173
77174
77176
77177
77178
77181
77183
77184
77185
77186
77190
77200
77210
77220
77230
77240
77250
77260
77270
77280
77290
77300
77310
77320
77330
77340
77350
77360
77370
77380
77390
77400
77410
77420
77430
77440
77450
77460
77470
77480
77500
77510
77515
77520
77540
77550
77560
77570
77580
77590
77600
77610
77620
77630
77640
77650
77660
77670
77680
77690
77700
77710
77720
77730
77750
77760
77780
77810
77820
77830
77840
77850
77860
77870
77880
77890
77910
77920
77930
77940
77950
77970
77990
78000
78100
78110
78111
78112
78113
78114
78117
78120
78121
78124
78125
78126
78130
78140
78150
78160
78170
78180
78190
78200
78210
78220
78230
78240
78250
78260
78270
78280
78290
78300
78310
78320
78330
78340
78350
78360
78370
78380
78390
78400
78410
78420
78430
78440
78450
78460
78470
78480
78490
78500
78510
78520
78530
78540
78550
78560
78570
78580
78590
78600
78610
78620
78630
78640
78650
78660
78670
78680
78690
78700
78710
78711
78720
78730
78740
78750
78760
78770
78780
78790
78800
78810
78820
78830
78840
78850
78860
78870
78890
78910
78920
78930
78940
78950
78955
78960
78970
78980
78990
79000
79100
79110
79120
79130
79140
79150
79160
79170
79180
79190
79200
79210
79220
79230
79240
79250
79260
79270
79290
79300
79310
79320
79330
79340
79350
79360
79370
79380
79390
79400
79410
79420
79430
79440
79450
79460
79500
79510
79600
79700
79800
80000
80080
80090
80100
80110
80115
80118
80120
80122
80130
80131
80132
80134
80135
80136
80140
80150
80160
80170
80190
80200
80210
80220
80230
80240
80250
80260
80270
80290
80300
80310
80320
80330
80340
80350
80360
80370
80390
80400
80410
80420
80430
80440
80450
80460
80470
80480
80490
80500
80510
80520
80540
80550
80560
80570
80580
80600
80610
80620
80630
80640
80650
80670
80680
80690
80700
80710
80740
80750
80770
80780
80800
80820
80830
80850
80860
80870
80880
80890
80910
80960
80970
80980
81000
81090
81100
81110
81120
81130
81140
81150
81160
81170
81190
81200
81210
81220
81230
81240
81250
81260
81270
81290
81300
81310
81320
81330
81340
81350
81360
81370
81380
81390
81400
81430
81440
81450
81470
81490
81500
81530
81540
81570
81580
81600
81630
81640
81660
81700
81710
81800
81990
82000
82100
82110
82120
82130
82140
82150
82160
82170
82190
82200
82210
82220
82230
82240
82250
82270
82290
82300
82330
82340
82350
82360
82370
82390
82400
82410
82440
82500
82600
82700
82710
82800
83000
83100
83110
83111
83119
83120
83130
83131
83136
83140
83143
83149
83150
83160
83170
83190
83200
83210
83220
83230
83240
83250
83260
83270
83300
83310
83320
83330
83340
83350
83370
83380
83390
83400
83420
83430
83440
83460
83470
83480
83490
83500
83510
83520
83530
83550
83560
83570
83580
83590
83600
83610
83630
83640
83660
83670
83680
83690
83700
83720
83740
83780
83790
83820
83830
83840
83860
83870
83890
83910
83920
83980
83990
84000
84100
84110
84120
84130
84140
84150
84160
84170
84190
84200
84210
84220
84230
84240
84250
84260
84270
84290
84300
84310
84320
84330
84340
84350
84360
84370
84380
84390
84400
84410
84420
84430
84440
84450
84460
84470
84480
84490
84500
84510
84530
84550
84560
84570
84580
84600
84660
84700
84740
84750
84760
84800
84810
84820
84830
84840
84850
84860
84870
85000
85100
85110
85120
85130
85140
85150
85160
85170
85180
85190
85200
85210
85220
85230
85240
85250
85260
85270
85280
85290
85300
85310
85320
85330
85340
85350
85360
85370
85390
85400
85410
85420
85430
85440
85450
85460
85470
85480
85490
85500
85510
85520
85530
85540
85550
85560
85570
85580
85590
85600
85610
85620
85630
85640
85660
85670
85680
85690
85700
85710
85740
85750
85770
85800
86000
86100
86110
86120
86130
86140
86150
86160
86170
86180
86190
86200
86210
86220
86230
86240
86250
86260
86270
86280
86290
86300
86310
86320
86330
86340
86350
86360
86370
86380
86390
86400
86410
86420
86430
86440
86450
86460
86470
86480
86490
86500
86510
86530
86540
86550
86580
86600
86700
86800
87000
87100
87110
87120
87130
87140
87150
87160
87170
87190
87200
87210
87220
87230
87240
87250
87260
87270
87280
87290
87300
87310
87320
87330
87340
87350
87360
87370
87380
87400
87410
87420
87430
87440
87460
87470
87480
87500
87510
87520
87570
87590
87600
87620
87640
87700
87720
87800
87890
87920
88000
88100
88110
88120
88130
88140
88150
88160
88170
88190
88200
88210
88220
88230
88240
88250
88260
88270
88290
88300
88310
88320
88330
88340
88350
88360
88370
88380
88390
88400
88410
88420
88430
88440
88450
88460
88470
88480
88490
88500
88510
88520
88530
88540
88550
88560
88580
88600
88630
88640
88650
88700
88800
89000
89100
89110
89113
89116
89120
89130
89140
89144
89150
89160
89170
89190
89200
89210
89220
89230
89240
89250
89260
89270
89290
89300
89310
89320
89330
89340
89350
89360
89380
89390
89400
89410
89420
89430
89440
89450
89460
89470
89480
89500
89510
89520
89530
89550
89560
89570
89580
89600
89630
89660
89690
89700
89710
89740
89770
89800
90000
90100
90110
90120
90130
90140
90150
90160
90170
90200
90300
90330
90340
90350
90360
90370
90380
90400
90500
90600
90700
90800
90850
91000
91070
91080
91090
91100
91120
91130
91140
91150
91160
91170
91180
91190
91200
91210
91220
91230
91240
91250
91260
91270
91280
91290
91300
91310
91320
91330
91340
91350
91360
91370
91380
91390
91400
91410
91420
91430
91440
91450
91460
91470
91480
91490
91510
91520
91530
91540
91550
91560
91570
91580
91590
91600
91610
91620
91630
91640
91650
91660
91670
91680
91690
91700
91710
91720
91730
91740
91750
91760
91770
91780
91790
91800
91810
91820
91830
91840
91850
91860
91870
91880
91890
91910
91930
91940
92000
92100
92110
92120
92130
92140
92150
92160
92170
92190
92200
92210
92220
92230
92240
92250
92260
92270
92290
92300
92310
92320
92330
92340
92350
92360
92370
92380
92390
92400
92410
92420
92430
92500
92600
92700
92800
93000
93100
93110
93120
93130
93140
93150
93160
93170
93190
93200
93210
93220
93230
93240
93250
93260
93270
93290
93300
93310
93320
93330
93340
93350
93360
93370
93380
93390
93400
93410
93420
93430
93440
93450
93460
93470
93500
93600
93700
93800
94000
94100
94110
94120
94130
94140
94150
94160
94170
94190
94200
94210
94220
94230
94240
94250
94260
94270
94290
94300
94310
94320
94340
94350
94360
94370
94380
94390
94400
94410
94420
94430
94440
94450
94460
94470
94480
94490
94500
94510
94520
94550
94600
94700
94800
94880
95000
95100
95110
95120
95130
95140
95150
95160
95170
95180
95190
95200
95210
95220
95230
95240
95250
95260
95270
95280
95290
95300
95310
95320
95330
95340
95350
95360
95370
95380
95390
95400
95410
95420
95430
95440
95450
95460
95470
95480
95490
95500
95510
95520
95530
95540
95550
95560
95570
95580
95590
95600
95610
95620
95630
95640
95650
95660
95670
95680
95690
95700
95710
95720
95740
95750
95760
95770
95780
95800
95810
95820
95830
95840
95850
95870
95880
97100
97110
97111
97112
97113
97114
97115
97116
97117
97118
97119
97120
97121
97122
97123
97125
97126
97127
97128
97129
97130
97131
97133
97134
97136
97137
97139
97140
97141
97142
97150
97160
97170
97180
97190
97200
97211
97212
97213
97214
97215
97216
97217
97218
97220
97221
97222
97223
97224
97225
97226
97227
97228
97229
97230
97231
97232
97233
97234
97240
97250
97260
97270
97280
97290
97300
97310
97311
97312
97313
97314
97315
97316
97317
97318
97319
97320
97330
97340
97350
97351
97352
97353
97354
97355
97356
97360
97370
97380
97390
97400
97410
97411
97412
97413
97414
97416
97417
97418
97419
97420
97421
97422
97423
97424
97425
97426
97427
97429
97430
97431
97432
97433
97434
97435
97436
97437
97438
97439
97440
97441
97442
97450
97460
97470
97480
97490
97500
97600
97605
97615
97620
97625
97630
97640
97650
97660
97670
97680
98000
98600
98610
98620
98701
98703
98704
98705
98706
98707
98708
98709
98710
98711
98712
98714
98716
98718
98719
98720
98721
98722
98723
98724
98725
98726
98727
98728
98729
98730
98731
98732
98733
98734
98735
98740
98741
98742
98743
98744
98745
98746
98747
98748
98749
98750
98751
98752
98753
98754
98755
98760
98761
98762
98763
98764
98765
98766
98767
98768
98769
98770
98771
98772
98773
98774
98775
98776
98777
98778
98779
98780
98781
98782
98783
98784
98785
98786
98787
98788
98789
98790
98792
98793
98794
98795
98796
98799
98800
98809
98810
98811
98812
98813
98814
98815
98816
98817
98818
98819
98820
98821
98822
98823
98824
98825
98826
98827
98828
98829
98830
98831
98832
98833
98834
98835
98836
98837
98838
98839
98840
98850
98859
98860
98870
98874
98875
98876
98877
98878
98880
98881
98882
98883
98884
98885
98889
98890